   1.00000000       1.10000002       1.20000005       1.29999995       1.39999998       1.50000000       1.60000002       1.70000005       1.79999995       1.90000010       2.00000000    
  0.990049839       1.08899999       1.18799996       1.28699994       1.38599992       1.48500013       1.58399999       1.68300009       1.78199995       1.88100004       1.98000002    
  0.980198681       1.07811546       1.17611992       1.27412987       1.37213993       1.47015011       1.56816006       1.66617000       1.76417994       1.86219001       1.96019995    
  0.970445514       1.06734455       1.16435933       1.26138854       1.35841846       1.45544863       1.55247843       1.64950824       1.74653804       1.84356809       1.94059789    
  0.960789442       1.05668569       1.15271747       1.24877477       1.34483433       1.44089413       1.53695357       1.63301325       1.72907269       1.82513237       1.92119193    
  0.951229453       1.04613709       1.14119375       1.23628724       1.33138597       1.42648518       1.52158403       1.61668301       1.71178198       1.80688107       1.90198004    
  0.941764534       1.03569722       1.12978697       1.22392511       1.31807220       1.41222036       1.50636816       1.60051608       1.69466424       1.78881228       1.88296020    
  0.932393849       1.02536464       1.11849618       1.21168709       1.30489159       1.39809823       1.49130452       1.58451080       1.67771757       1.77092409       1.86413062    
  0.923116326       1.01513791       1.10732043       1.19957221       1.29184294       1.38411736       1.47639155       1.56866574       1.66094029       1.75321484       1.84548926    
  0.913931191       1.00501549       1.09625852       1.18757951       1.27892506       1.37027621       1.46162760       1.55297911       1.64433086       1.73568273       1.82703435    
  0.904837430      0.994996190       1.08530939       1.17570782       1.26613665       1.35657358       1.44701135       1.53744936       1.62788749       1.71832585       1.80876398    
  0.895834148      0.985078752       1.07447183       1.16395593       1.25347662       1.34300804       1.43254125       1.52207494       1.61160862       1.70114255       1.79067636    
  0.886920452      0.975261807       1.06374466       1.15232301       1.24094379       1.32957840       1.41821587       1.50685418       1.59549248       1.68413115       1.77276969    
  0.878095448      0.965544224       1.05312669       1.14080787       1.22853684       1.31628323       1.40403390       1.49178565       1.57953763       1.66728985       1.75504196    
  0.869358242      0.955924869       1.04261684       1.12940931       1.21625471       1.30312133       1.38999379       1.47686779       1.56374228       1.65061688       1.73749149    
  0.860707998      0.946402490       1.03221381       1.11812627       1.20409632       1.29009128       1.37609422       1.46209919       1.54810476       1.63411069       1.72011662    
  0.852143764      0.936976075       1.02191639       1.10695767       1.19206047       1.27719212       1.36233366       1.44747841       1.53262377       1.61776948       1.70291543    
  0.843664825      0.927644491       1.01172352       1.09590232       1.18014610       1.26442242       1.34871089       1.43300378       1.51729763       1.60159183       1.68588626    
  0.835270226      0.918406725       1.00163400       1.08495903       1.16835201       1.25178099       1.33522475       1.41867399       1.50212467       1.58557594       1.66902733    
  0.826959133      0.909261703      0.991646707       1.07412672       1.15667701       1.23926663       1.32187366       1.40448761       1.48710358       1.56972027       1.65233707    
  0.818730772      0.900208414      0.981760502       1.06340432       1.14511991       1.22687817       1.30865657       1.39044321       1.47223270       1.55402315       1.63581371    
  0.810584247      0.891245842      0.971974254       1.05279064       1.13367975       1.21461439       1.29557204       1.37653947       1.45751059       1.53848302       1.61945558    
  0.802518785      0.882373035      0.962286830       1.04228449       1.12235534       1.20247424       1.28261876       1.36277497       1.44293582       1.52309823       1.60326111    
  0.794533610      0.873589039      0.952697158       1.03188479       1.11114550       1.19045639       1.26979566       1.34914839       1.42850685       1.50786734       1.58722854    
  0.786627889      0.864892960      0.943204165       1.02159035       1.10004902       1.17855978       1.25710142       1.33565843       1.41422236       1.49278891       1.57135630    
  0.778800786      0.856283784      0.933806777       1.01140022       1.08906484       1.16678321       1.24453473       1.32230365       1.40008092       1.47786129       1.55564284    
  0.771051586      0.847760618      0.924504042       1.00131309       1.07819176       1.15512550       1.23209441       1.30908287       1.38608110       1.46308303       1.54008663    
  0.763379514      0.839322627      0.915294766      0.991327882       1.06742871       1.14358544       1.21977937       1.29599488       1.37222147       1.44845271       1.52468598    
  0.755783737      0.830968857      0.906178117      0.981443584       1.05677462       1.13216197       1.20758843       1.28303826       1.35850072       1.43396878       1.50943935    
  0.748263597      0.822698474      0.897152960      0.971659064       1.04622829       1.12085390       1.19552016       1.27021182       1.34491754       1.41962993       1.49434519    
  0.740818262      0.814510643      0.888218403      0.961973310       1.03578866       1.10966003       1.18357360       1.25751424       1.33147049       1.40543461       1.47940218    
  0.733446956      0.806404471      0.879373431      0.952385187       1.02545452       1.09857941       1.17174745       1.24494433       1.31815839       1.39138138       1.46460867    
  0.726149023      0.798379123      0.870617151      0.942893684       1.01522481       1.08761072       1.16004050       1.23250079       1.30497980       1.37746906       1.44996333    
  0.718923748      0.790433764      0.861948609      0.933497727       1.00509846       1.07675278       1.14845169       1.22018254       1.29193354       1.36369610       1.43546438    
  0.711770296      0.782567620      0.853366792      0.924196362      0.995074391       1.06600463       1.13697982       1.20798826       1.27901840       1.35006130       1.42111075    
  0.704688072      0.774779916      0.844870925      0.914988518      0.985151470       1.05536509       1.12562382       1.19591677       1.26623297       1.33656311       1.40690088    
  0.697676361      0.767069757      0.836459994      0.905873239      0.975328624       1.04483306       1.11438239       1.18396688       1.25357604       1.32320035       1.39283335    
  0.690734327      0.759436429      0.828133166      0.896849513      0.965604842       1.03440738       1.10325444       1.17213750       1.24104631       1.30997169       1.37890685    
  0.683861434      0.751879215      0.819889545      0.887916386      0.955979109       1.02408695       1.09223890       1.16042733       1.22864270       1.29687595       1.36511981    
  0.677056909      0.744397223      0.811728299      0.879072905      0.946450353       1.01387072       1.08133459       1.14883530       1.21636391       1.28391171       1.35147107    
  0.670320034      0.736989737      0.803648591      0.870318115      0.937017500       1.00375772       1.07054031       1.13736022       1.20420873       1.27107763       1.33795917    
  0.663650274      0.729656041      0.795649529      0.861651063      0.927679598      0.993746638       1.05985510       1.12600076       1.19217598       1.25837255       1.32458282    
  0.657046854      0.722395360      0.787730336      0.853070855      0.918435633      0.983836591       1.04927778       1.11475599       1.18026447       1.24579525       1.31134081    
  0.650509119      0.715207040      0.779890120      0.844576597      0.909284532      0.974026501       1.03880715       1.10362470       1.16847289       1.23334444       1.29823160    
  0.644036412      0.708090305      0.772128165      0.836167336      0.900225401      0.964315176       1.02844226       1.09260571       1.15680015       1.22101891       1.28525424    
  0.637628138      0.701044381      0.764443636      0.827842236      0.891257286      0.954701722       1.01818192       1.08169794       1.14524508       1.20881736       1.27240717    
  0.631283641      0.694068611      0.756835759      0.819600463      0.882379174      0.945185065       1.00802505       1.07090020       1.13380659       1.19673860       1.25968921    
  0.625002265      0.687162280      0.749303699      0.811441064      0.873590171      0.935764194      0.997970641       1.06021142       1.12248349       1.18478155       1.24709904    
  0.618783414      0.680324674      0.741846681      0.803363204      0.864889324      0.926438093      0.988017619       1.04963040       1.11127448       1.17294490       1.23463559    
  0.612626433      0.673555136      0.734464049      0.795366049      0.856275678      0.917205811      0.978164911       1.03915620       1.10017848       1.16122758       1.22229743    
  0.606530666      0.666852951      0.727155030      0.787448764      0.847748339      0.908066273      0.968411446       1.02878773       1.08919442       1.14962828       1.21008348    
  0.600495577      0.660217524      0.719918787      0.779610574      0.839306355      0.899018645      0.958756208       1.01852381       1.07832122       1.13814580       1.19799244    
  0.594520569      0.653648138      0.712754607      0.771850646      0.830948949      0.890061855      0.949198186       1.00836337       1.06755769       1.12677920       1.18602312    
  0.588604987      0.647144079      0.705661774      0.764168143      0.822675228      0.881194890      0.939736366      0.998305321       1.05690277       1.11552715       1.17417431    
  0.582748294      0.640704751      0.698639631      0.756562293      0.814484239      0.872416973      0.930369735      0.988348544       1.04635525       1.10438848       1.16244483    
  0.576949775      0.634329498      0.691687465      0.749032378      0.806375146      0.863727093      0.921097279      0.978492141       1.03591406       1.09336221       1.15083361    
  0.571209073      0.628017724      0.684804499      0.741577566      0.798347175      0.855124295      0.911918044      0.968734980       1.02557814       1.08244705       1.13933933    
  0.565525472      0.621768773      0.677990079      0.734197080      0.790399432      0.846607745      0.902831018      0.959076107       1.01534641       1.07164192       1.12796092    
  0.559898376      0.615581989      0.671243548      0.726890147      0.782531142      0.838176489      0.893835306      0.949514389       1.00521767       1.06094575       1.11669707    
  0.554327309      0.609456778      0.664564133      0.719656110      0.774741411      0.829829693      0.884929895      0.940048933      0.995191038       1.05035746       1.10554683    
  0.548811674      0.603392541      0.657951236      0.712494195      0.767029524      0.821566463      0.876113832      0.930678666      0.985265493       1.03987586       1.09450901    
  0.543350875      0.597388625      0.651404202      0.705403626      0.759394526      0.813385963      0.867386222      0.921402633      0.975439847       1.02949989       1.08358240    
  0.537944436      0.591444492      0.644922316      0.698383689      0.751835823      0.805287302      0.858746171      0.912219882      0.965713143       1.01922846       1.07276595    
  0.532591820      0.585559487      0.638504982      0.691433728      0.744352579      0.797269583      0.850192726      0.903129339      0.956084371       1.00906062       1.06205845    
  0.527292430      0.579733014      0.632151544      0.684553027      0.736943960      0.789332032      0.841724992      0.894130111      0.946552455      0.998995185       1.05145884    
  0.522045791      0.573964536      0.625861347      0.677740812      0.729609251      0.781473815      0.833342075      0.885221183      0.937116385      0.989031076       1.04096615    
  0.516851366      0.568253458      0.619633734      0.670996487      0.722347617      0.773694158      0.825043142      0.876401722      0.927775204      0.979167283       1.03057909    
  0.511708617      0.562599242      0.613468051      0.664319336      0.715158463      0.765992165      0.816827297      0.867670774      0.918527961      0.969402790       1.02029681    
  0.506617010      0.557001233      0.607363820      0.657708645      0.708041012      0.758367121      0.808693707      0.859027386      0.909373641      0.959736586       1.01011801    
  0.501576066      0.551458955      0.601320326      0.651163816      0.700994492      0.750818253      0.800641418      0.850470662      0.900311291      0.950167656       1.00004172    
  0.496585310      0.545971870      0.595336914      0.644684196      0.694018185      0.743344665      0.792669654      0.841999710      0.891339958      0.940694928      0.990066886    
  0.491644204      0.540539324      0.589413047      0.638269007      0.687111437      0.735945702      0.784777641      0.833613575      0.882458687      0.931317508      0.980192482    
  0.486752272      0.535160840      0.583548188      0.631917715      0.680273533      0.728620529      0.776964486      0.825311422      0.873666525      0.922034323      0.970417500    
  0.481909007      0.529835880      0.577741683      0.625629663      0.673503757      0.721368492      0.769229412      0.817092419      0.864962578      0.912844479      0.960740805    
  0.477113903      0.524563909      0.571992993      0.619404256      0.666801393      0.714188814      0.761571646      0.808955729      0.856345892      0.903746903      0.951161504    
  0.472366542      0.519344389      0.566301525      0.613240838      0.660165787      0.707080722      0.753990352      0.800900459      0.847815633      0.894740701      0.941678584    
  0.467666417      0.514176846      0.560666680      0.607138693      0.653596282      0.700043440      0.746484756      0.792925715      0.839370847      0.885824919      0.932291031    
  0.463013083      0.509060681      0.555087924      0.601097286      0.647092223      0.693076372      0.739054143      0.785030723      0.831010699      0.876998663      0.922997832    
  0.458406031      0.503995419      0.549564660      0.595116079      0.640652895      0.686178744      0.731697679      0.777214706      0.822734296      0.868260980      0.913797975    
  0.453844815      0.498980582      0.544096351      0.589194357      0.634277761      0.679349899      0.724414647      0.769476771      0.814540803      0.859610915      0.904690564    
  0.449328989      0.494015634      0.538682461      0.583331645      0.627966106      0.672589064      0.717204273      0.761816204      0.806429267      0.851047575      0.895674586    
  0.444858074      0.489100099      0.533322453      0.577527285      0.621717274      0.665895581      0.710065842      0.754232168      0.798398912      0.842570066      0.886749208    
  0.440431654      0.484233469      0.528015792      0.571780682      0.615530670      0.659268856      0.702998579      0.746723890      0.790448904      0.834177554      0.877913415    
  0.436049283      0.479415268      0.522761941      0.566091239      0.609405637      0.652708173      0.696001768      0.739290595      0.782578349      0.825869083      0.869166255    
  0.431710541      0.474645019      0.517560303      0.560458422      0.603341639      0.646212757      0.689074755      0.731931448      0.774786532      0.817643881      0.860506833    
  0.427414954      0.469922215      0.512410462      0.554881692      0.597337961      0.639782131      0.682216823      0.724645853      0.767072618      0.809500992      0.851934195    
  0.423162103      0.465246409      0.507311881      0.549360454      0.591394126      0.633415520      0.675427258      0.717432916      0.759435773      0.801439583      0.843447566    
  0.418951541      0.460617125      0.502264023      0.543894172      0.585509419      0.627112329      0.668705344      0.710291922      0.751875281      0.793458819      0.835045993    
  0.414782912      0.456033915      0.497266412      0.538482249      0.579683304      0.620871902      0.662050426      0.703222156      0.744390309      0.785557926      0.826728582    
  0.410655767      0.451496303      0.492318511      0.533124208      0.573915124      0.614693642      0.655461907      0.696222961      0.736980021      0.777736068      0.818494439    
  0.406569660      0.447003841      0.487419844      0.527819455      0.568204403      0.608576894      0.648939013      0.689293623      0.729643762      0.769992411      0.810342789    
  0.402524233      0.442556083      0.482569903      0.522567511      0.562550545      0.602521002      0.642481029      0.682433307      0.722380757      0.762326241      0.802272737    
  0.398519069      0.438152581      0.477768242      0.517367840      0.556952894      0.596525431      0.636087418      0.675641418      0.715190172      0.754736602      0.794283450    
  0.394553721      0.433792889      0.473014355      0.512219906      0.551410973      0.590589583      0.629757524      0.668917239      0.708071411      0.747222781      0.786374092    
  0.390627831      0.429476589      0.468307793      0.507123172      0.545924246      0.584712803      0.623490632      0.662260056      0.701023638      0.739784062      0.778543830    
  0.386741042      0.425203204      0.463648051      0.502077162      0.540492058      0.578894556      0.617286205      0.655669212      0.694046140      0.732419610      0.770791888    
  0.382892907      0.420972347      0.459034652      0.497081369      0.535113990      0.573134184      0.611143529      0.649144053      0.687138319      0.725128651      0.763117433    
  0.379083037      0.416783601      0.454467177      0.492135286      0.529789448      0.567431152      0.605062008      0.642683983      0.680299342      0.717910469      0.755519688    
  0.375311106      0.412636548      0.449945122      0.487238407      0.524517834      0.561784923      0.599041104      0.636288285      0.673528552      0.710764408      0.747997880    
  0.371576697      0.408530742      0.445468098      0.482390285      0.519298732      0.556194842      0.593080103      0.629956245      0.666825294      0.703689575      0.740551233    
  0.367879450      0.404465795      0.441035599      0.477590412      0.514131546      0.550660431      0.587178469      0.623687327      0.660188854      0.696685374      0.733178914    
