                  0.0000000000                       0.0287616394
                  4.0000000000                       0.0516989249
                  8.0000000000                       0.0746060792
                 12.0000000000                       0.0974698575
                 16.0000000000                       0.1202769980
                 20.0000000000                       0.1430142168
                 24.0000000000                       0.1656682041
                 28.0000000000                       0.1882256215
                 32.0000000000                       0.2106731012
                 36.0000000000                       0.2329972467
                 40.0000000000                       0.2551846353
                 44.0000000000                       0.2772218224
                 48.0000000000                       0.2990953478
                 52.0000000000                       0.3207917437
                 56.0000000000                       0.3422975450
                 60.0000000000                       0.3635993000
                 64.0000000000                       0.3846835841
                 68.0000000000                       0.4055370135
                 72.0000000000                       0.4261462609
                 76.0000000000                       0.4464980716
                 80.0000000000                       0.4665792808
                 84.0000000000                       0.4863768303
                 88.0000000000                       0.5058777866
                 92.0000000000                       0.5250693585
                 96.0000000000                       0.5439389142
                100.0000000000                       0.5624739986
                104.0000000000                       0.5806623496
                108.0000000000                       0.5984919141
                112.0000000000                       0.6159508631
                116.0000000000                       0.6330276055
                120.0000000000                       0.6497108020
                124.0000000000                       0.6659893769
                128.0000000000                       0.6818525295
                132.0000000000                       0.6972897447
                136.0000000000                       0.7122908023
                140.0000000000                       0.7268457854
                144.0000000000                       0.7409450880
                148.0000000000                       0.7545794219
                152.0000000000                       0.7677398231
                156.0000000000                       0.7804176563
                160.0000000000                       0.7926046207
                164.0000000000                       0.8042927535
                168.0000000000                       0.8154744340
                172.0000000000                       0.8261423867
                176.0000000000                       0.8362896846
                180.0000000000                       0.8459097515
                184.0000000000                       0.8549963645
                188.0000000000                       0.8635436563
                192.0000000000                       0.8715461170
                196.0000000000                       0.8789985958
                200.0000000000                       0.8858963029
                204.0000000000                       0.8922348109
                208.0000000000                       0.8980100560
                212.0000000000                       0.9032183395
                216.0000000000                       0.9078563289
                220.0000000000                       0.9119210586
                224.0000000000                       0.9154099313
                228.0000000000                       0.9183207184
                232.0000000000                       0.9206515607
                236.0000000000                       0.9224009692
                240.0000000000                       0.9235678250
                244.0000000000                       0.9241513799
                248.0000000000                       0.9241512560
                252.0000000000                       0.9235674462
                256.0000000000                       0.9224003131
                260.0000000000                       0.9206505894
                264.0000000000                       0.9183193763
                268.0000000000                       0.9154081433
                272.0000000000                       0.9119187270
                276.0000000000                       0.9078533293
                280.0000000000                       0.9032145168
                284.0000000000                       0.8980052181
                288.0000000000                       0.8922287229
                292.0000000000                       0.8858886789
                296.0000000000                       0.8789890901
                300.0000000000                       0.8715343142
                304.0000000000                       0.8635290593
                308.0000000000                       0.8549783816
                312.0000000000                       0.8458876817
                316.0000000000                       0.8362627014
                320.0000000000                       0.8261095198
                324.0000000000                       0.8154345499
                328.0000000000                       0.8042445342
                332.0000000000                       0.7925465404
                336.0000000000                       0.7803479573
                340.0000000000                       0.7676564898
                344.0000000000                       0.7544801540
                348.0000000000                       0.7408272723
                352.0000000000                       0.7267064682
                356.0000000000                       0.7121266608
                360.0000000000                       0.6970970589
                364.0000000000                       0.6816271555
                368.0000000000                       0.6657267218
                372.0000000000                       0.6494058007
                376.0000000000                       0.6326747011
                380.0000000000                       0.6155439905
                384.0000000000                       0.5980244891
                388.0000000000                       0.5801272627
                392.0000000000                       0.5618636153
                396.0000000000                       0.5432450829
                400.0000000000                       0.5242834252
                404.0000000000                       0.5049906188
                408.0000000000                       0.4853788496
                412.0000000000                       0.4654605046
                416.0000000000                       0.4452481648
                420.0000000000                       0.4247545966
                424.0000000000                       0.4039927444
                428.0000000000                       0.3829757216
                432.0000000000                       0.3617168032
                436.0000000000                       0.3402294167
                440.0000000000                       0.3185271340
                444.0000000000                       0.2966236627
                448.0000000000                       0.2745328375
                452.0000000000                       0.2522686115
                456.0000000000                       0.2298450472
                460.0000000000                       0.2072763078
                464.0000000000                       0.1845766483
                468.0000000000                       0.1617604062
                472.0000000000                       0.1388419928
                476.0000000000                       0.1158358838
                480.0000000000                       0.0927566103
                484.0000000000                       0.0696187498
                488.0000000000                       0.0464369166
                492.0000000000                       0.0232257529
                496.0000000000                      -0.0000000808
                500.0000000000                      -0.0232259144
                504.0000000000                      -0.0464370780
                508.0000000000                      -0.0696189110
                512.0000000000                      -0.0927567711
                516.0000000000                      -0.1158360441
                520.0000000000                      -0.1388421526
                524.0000000000                      -0.1617605653
                528.0000000000                      -0.1845768067
                532.0000000000                      -0.2072764653
                536.0000000000                      -0.2298452037
                540.0000000000                      -0.2522687669
                544.0000000000                      -0.2745329918
                548.0000000000                      -0.2966238157
                552.0000000000                      -0.3185272857
                556.0000000000                      -0.3402295669
                560.0000000000                      -0.3617169519
                564.0000000000                      -0.3829758687
                568.0000000000                      -0.4039928897
                572.0000000000                      -0.4247547402
                576.0000000000                      -0.4452483064
                580.0000000000                      -0.4654606442
                584.0000000000                      -0.4853789871
                588.0000000000                      -0.5049907542
                592.0000000000                      -0.5242835583
                596.0000000000                      -0.5432452136
                600.0000000000                      -0.5618637436
                604.0000000000                      -0.5801273884
                608.0000000000                      -0.5980246123
                612.0000000000                      -0.6155441111
                616.0000000000                      -0.6326748189
                620.0000000000                      -0.6494059157
                624.0000000000                      -0.6657268338
                628.0000000000                      -0.6816272646
                632.0000000000                      -0.6970971650
                636.0000000000                      -0.7121267638
                640.0000000000                      -0.7267065681
                644.0000000000                      -0.7408273689
                648.0000000000                      -0.7544802473
                652.0000000000                      -0.7676565797
                656.0000000000                      -0.7803480439
                660.0000000000                      -0.7925466235
                664.0000000000                      -0.8042446136
                668.0000000000                      -0.8154346258
                672.0000000000                      -0.8261095920
                676.0000000000                      -0.8362627698
                680.0000000000                      -0.8458877464
                684.0000000000                      -0.8549784424
                688.0000000000                      -0.8635291160
                692.0000000000                      -0.8715343667
                696.0000000000                      -0.8789891384
                700.0000000000                      -0.8858887227
                704.0000000000                      -0.8922287620
                708.0000000000                      -0.8980052523
                712.0000000000                      -0.9032145456
                716.0000000000                      -0.9078533524
                720.0000000000                      -0.9119187437
                724.0000000000                      -0.9154081530
                728.0000000000                      -0.9183193779
                732.0000000000                      -0.9206505818
                736.0000000000                      -0.9224002949
                740.0000000000                      -0.9235674154
                744.0000000000                      -0.9241512104
                748.0000000000                      -0.9241513164
                752.0000000000                      -0.9235677401
                756.0000000000                      -0.9224008583
                760.0000000000                      -0.9206514183
                764.0000000000                      -0.9183205375
                768.0000000000                      -0.9154097037
                772.0000000000                      -0.9119207741
                776.0000000000                      -0.9078559752
                780.0000000000                      -0.9032179019
                784.0000000000                      -0.8980095166
                788.0000000000                      -0.8922341487
                792.0000000000                      -0.8858954928
                796.0000000000                      -0.8789976082
                800.0000000000                      -0.8715449172
                804.0000000000                      -0.8635422038
                808.0000000000                      -0.8549946120
                812.0000000000                      -0.8459076446
                816.0000000000                      -0.8362871605
                820.0000000000                      -0.8261393737
                824.0000000000                      -0.8154708505
                828.0000000000                      -0.8042885073
                832.0000000000                      -0.7925996081
                836.0000000000                      -0.7804117613
                840.0000000000                      -0.7677329168
                844.0000000000                      -0.7545713621
                848.0000000000                      -0.7409357183
                852.0000000000                      -0.7268349356
                856.0000000000                      -0.7122782879
                860.0000000000                      -0.6972753672
                864.0000000000                      -0.6818360770
                868.0000000000                      -0.6659706250
                872.0000000000                      -0.6496895147
                876.0000000000                      -0.6330035368
                880.0000000000                      -0.6159237591
                884.0000000000                      -0.5984615154
                888.0000000000                      -0.5806283934
                892.0000000000                      -0.5624362227
                896.0000000000                      -0.5438970600
                900.0000000000                      -0.5250231750
                904.0000000000                      -0.5058270346
                908.0000000000                      -0.4863212868
                912.0000000000                      -0.4665187439
                916.0000000000                      -0.4464323651
                920.0000000000                      -0.4260752390
                924.0000000000                      -0.4054605661
                928.0000000000                      -0.3846016407
                932.0000000000                      -0.3635118344
                936.0000000000                      -0.3422045793
                940.0000000000                      -0.3206933515
                944.0000000000                      -0.2989916572
                948.0000000000                      -0.2771130183
                952.0000000000                      -0.2550709605
                956.0000000000                      -0.2328790024
                960.0000000000                      -0.2105506468
                964.0000000000                      -0.1880993731
                968.0000000000                      -0.1655386325
                972.0000000000                      -0.1428818438
                976.0000000000                      -0.1201423923
                980.0000000000                      -0.0973336299
                984.0000000000                      -0.0744688766
                988.0000000000                      -0.0515614236
                992.0000000000                      -0.0286245382
                996.0000000000                      -0.0056714689
               1000.0000000000                       0.0172845480
